1075112162
3275243964
211345510
574665733
2121918142
3154729912
4220057538
3634020213
1023266243
1770904783
1704416286
3026651119
2894135484
2404441175
3899022299
3176670778
2510602683
1408528885
1281243710
3823763589
2701044365
958512449
3493136093
4065828964
326805102
609624275
1455140538
3341196502
2457208040
3235198738
2890132458
130656712
2422669016
1859020680
601436362
2536077622
272685662
3039005506
4075041742
4281531659
2015752367
2323023247
1976352806
975602164
229738457
1993181433
3495537733
4173716023
1853800930
4197321330
4027616065
4119709715
4223787340
4030101732
1569563891
1154023193
3154766478
2355238669
1335518699
1510313589
41409516
513304874
351322135
3156136878
463987887
3068677045
1582222355
2743942127
964823612
1449707967
633333939
102736492
3133437398
825039611
1923032497
3765789465
664508636
3285966822
3918688106
2320991326
449520333
4236118349
984552877
3306593790
1360149572
665187070
400560170
3797840125
3087035945
1861005423
139351482
2475370251
4133604373
411908590
2880354127
3076664250
3384923554
2469679513
4023671947
1734793760
350894899
870631799
3175597284
4122124211
4109906992
660097104
3883922022
2924777243
1416609314
1157999330
3324640855
889375833
2543578760
1682833336
3126994710
3839111304
4011535236
3717197480
1478313475
3267146232
3867076939
584155624
3212682095
2614465977
1145141366
4238320375
2643455345
3251299906
3837374590
4035561771
2324495559
135832537
441448881
3806667358
1132535969
453897332
2326273403
1491788261
571238588
3435718229
1940545013
2055789459
3523638109
612227616
2035895613
1426353283
1343026882
3049704792
3947159699
907959557
3674585764
4106760699
3979032457
2412391068
3093809379
4250777488
2821150755
1123599997
4138307726
861256329
557957397
2168238156
1519316647
2634767777
1501022586
403637588
1441581374
2078621211
2016685881
3637632192
1365590058
1035529019
4132702710
3624716792
1936638557
1632754833
2319915676
3646843106
953431744
3309258768
3004571524
603427174
1886721870
3841585129
2281283864
114052461
2472055428
63778737
2213175614
4086861335
3602171094
1955778179
210968859
2442314129
3974841803
2931685978
4113534095
2150964479
1996816019
1763164681
2649231416
64760273
1983160417
3559046016
117164827
1547360787
1570616170
3458124721
3200578029
465354690
1514783419
850937946
1274981363
3750242802
1674630156
2982100310
801553657
880154101
1038427046
1733614676
2319618073
2093942036
3039615091
1462628345
4213553938
3071235427
3815836210
1460940497
1461775991
1766563586
160928528
1416771367
2069653279
3499838151
197159516
711363321
2472716235
4284813318
2009938360
2203986650
3104753147
1840994855
4044787653
3902738745
14305491
1285922036
1589587223
2009276810
996516772
776117792
3093945759
1613004405
3639473862
3847641545
3466688186
2699443129
2811412851
3867600697
2060348312
3469612937
3241940994
2294207851
3316323998
3913806435
1141544449
2632504065
95130988
1301784477
2412130559
2483092408
997316774
105220666
1479477894
3931292929
198116221
2570468069
1461104023
2531520846
3137568302
1520393400
1127478722
971337894
76895641
2884476961
2018378340
1021984783
3086373506
1393776974
1246083537
158383135
2332839404
1124246897
3363700979
3301004526
1154178096
1569786354
3997644150
2170491755
2798681114
2593214916
1091337258
3661056133
2089604554
3749608844
2101606279
3736631924
2929195313
1406557563
3059780896
4267831268
3964700203
3030305580
134344232
1080123773
2207661288
754921380
2007896100
882551783
1248668560
1882529352
746591427
3982881862
3048216765
886432993
770096131
429438752
593466815
2536147826
820253554
877692395
1553450325
3771447139
2058445664
3741931158
3922993255
3014673377
4288524971
3061523212
563284939
3464458055
1257406121
1323635114
390717283
4078238785
917905676
3891226842
2607714162
2524873124
2212539617
1185731603
481366539
3096020361
597652345
386575403
381780597
1205523055
3665649957
1996151127
4115704349
3829663133
2252996450
2392809181
862149863
1743548229
2808394498
4098962918
2302456631
494356548
2693115935
2660905962
4258749055
3526982378
1511847870
2571759682
3932330964
2529613398
3108454194
3358411190
2846594092
3731983966
1585636429
1773102783
1310877588
2801796360
2788446626
461949600
2207444032
599496243
851029742
1994942973
2883313104
490963951
453160993
2526468391
1310669720
2407983648
3997295414
4225484018
2924297839
2852606822
1998044843
694243801
3995996298
976697481
3970666729
3441596221
4186547450
3715637437
4125748554
1511463299
353201284
1745632135
1552516066
3959999821
2101972612
427847380
4189615183
1407800671
2357645817
240688902
2431500292
468866969
1253992291
2222690729
763382191
1588155693
3824076439
3281931427
3387204030
1385905524
15697525
3232059699
474449497
3728296089
2270244769
2736179790
974949811
78709073
541854311
2601058982
254818073
618096780
3762737249
3126849658
1646647115
406988875
2918353046
2228613947
2640616334
3653358804
2301155791
2677152167
3542935140
1880422466
834510821
3035633684
2372530234
2930718258
106635634
3641106416
1460748722
1280241484
2075193390
755538682
2138005828
662126245
3482722068
3871690905
4239209670
7562412
650352334
354664644
3529359229
350551531
3985897407
3863106989
2555197727
2563653879
634587375
2149783248
2312559572
3745405820
2053847341
2202002388
2567183222
214484598
1479368300
2110231717
3711807698
1205593061
4018403395
4274003205
1734785373
2819792399
4136598098
2932869136
2385786540
3431992073
1869812851
1634055453
1844570139
2904516511
3588992107
3886461540
2386534628
2171522619
3410734572
1887630447
2863033443
1523185061
2987724914
955171105
3690037454
613524040
1262091513
2349972542
2023918340
1816261548
835283763
1462708894
1023618722
933162437
1688503349
353978916
3060525128
2687427552
4259409486
3206495929
1041630759
320973366
3343966818
1335451454
1582349076
2500361188
1513630972
3136704497
303610030
506581355
209809220
3231897460
1941007936
2314404904
2273303516
3073735085
2582441128
2191847207
2649419015
59660954
3356068664
2347759138
3701239699
3359819481
802530640
4096150784
2604325371
2971731478
1161764801
2797533684
1102252980
4051067271
3153007458
3902395089
3431292573
2297470713
3304555932
2200240739
3671858350
1277472181
3477860731
3362705484
1174715950
997332482
691220071
3217489698
3658377068
1733135596
4085982200
2784205833
773754632
3367704068
2533470599
1259459131
379146232
2889901118
943692760
1541104039
498266664
1225927547
114462494
4210853368
989692757
2582321677
1247576875
2337613691
2564730830
2326757752
3969260439
574276082
484307067
1358365368
250386527
4020792244
2737547481
4002073315
2158466126
336327135
2164346842
1640404875
732069044
2595293053
3312151200
250969182
937597846
3045093260
1405738157
1984814662
2639875345
891250684
2555773247
2578751132
3148726371
3259615871
1407170672
2962179199
705926329
2654016464
1915240039
3876662842
1083574320
2555376843
3213633934
685276555
125483700
2995547206
1025729817
1570650009
1659709628
3571326097
3467333528
1871191170
393565279
1483419217
104177039
1780170110
2597718941
1261934644
3119866069
3620514964
2478687648
1960518969
2350358781
3039707902
1301986226
738404753
1511830110
1598945588
1453718511
218895379
1126097571
504690794
2303233728
3169029759
1415481151
138764278
82952961
2316496467
2946839923
502135988
3645249668
696504240
903607633
1714049919
4126217499
1297895190
187659901
3893678405
2875388488
644717215
2399901469
280920079
2931355811
3043389916
3353736619
409702859
1874858031
2873294945
906250093
2402522905
2624833924
3733586409
1489456911
2821407675
905422878
123436416
2500511071
1931187729
1933970032
1272218057
2197948878
2692491240
2629266551
780381308
3711323548
3338502476
195739342
1658323047
1173989490
2454330490
3028539864
1575440039
4224368988
1755052556
2705201320
2486033329
229265674
595846066
2216806644
2295318082
2233912580
2982808479
345890438
3752315758
1533599115
642053821
1696801314
223327334
1283062517
2714148369
2362584751
2513049087
1021179773
2703869876
1630647924
3134707308
657469446
2735671159
1243668291
4115181995
3953900654
2763786172
487834948
3055971004
2058183091
3557883202
1124493779
2466151663
2524661540
3161514957
2001684249
67283164
2346180550
327582930
2681578387
2618021199
1247676102
2647366081
708325571
3659503640
4074200511
2528974798
4030699983
3957639197
4143665025
1620521995
2949523077
4054897583
854683583
1616755662
3239795315
3965820987
1669207275
1715252989
651959217
978533275
3082838445
534904106
818513372
2489561681
1018113601
3877512951
932565764
4090661146
3258515895
1176723373
500132512
181973285
3264617863
3441450443
936690720
281535398
1920600234
1407776193
3235712942
1026208682
3158442895
3845249300
4222167753
2447839324
2840859872
1293180769
64418364
4935879
1981628887
1929887602
3519416585
3605894420
1577392201
3635174303
730795194
3016686669
2683088884
3345217005
4061335277
1041443828
394927310
4158249674
1453883735
1496725663
3886592039
3217408742
423207193
270575832
453021052
2830472439
1536656010
2530538767
712276828
2617921780
1897025492
1027844428
3958206312
1458756597
1927732658
4010645005
1210603459
4160116263
149224873
1444069707
1210145918
1614168238
2627634422
1314150501
3395290756
761785683
3878953708
1056710153
2495854865
3162199995
3547093606
588645557
228452088
2437635897
1822911636
2747886252
1358183966
915246107
1294447592
1523636422
3637824753
2016903214
1784256604
278252689
893246654
2515274912
3810268364
4146572658
3365351427
1319337752
4288757828
886317163
3342111880
3435946156
3129115265
3880196786
4089678761
2604789736
416623476
3641922485
48563916
1863522258
2597212014
2310264032
1551446573
4045993834
4242670282
1776407471
3997248742
1999259472
1005844838
3529665843
2190298737
256138402
1109171980
133578131
3179633083
3731702529
1631446805
3536661971
2064347747
1678486661
417893760
567294076
1351909290
4077016919
1809851219
905178036
847883302
4041146760
4127981204
1162232373
2432726484
4274041295
3256262812
2395551497
272541250
3203785043
2341458887
1568188513
3616863903
1212099039
3253095928
855879562
239299319
2261399911
130742403
1254724545
1033552945
4056520323
766639837
3043970697
3764525285
3716609817
2890535860
4147208918
1752343672
3492735918
3721834329
4187156108
3365900745
1536533612
3638594466
727282106
1814009214
2442416097
1670228884
1809496083
2805488256
3458021970
923465830
2976739774
4148672929
1016897121
3676362818
4253426610
1384825955
1403115157
3394496435
477755101
1156753412
1263271429
2659953147
1141956825
3774961873
3729341530
23996779
823225304
580956720
645202116
2790895219
1587049514
98285549
2924995970
1765513611
48583705
652315957
3446649310
2173849669
2452201042
3211288364
2257543832
2222029868
2345012548
508384047
2391089117
2518269037
1756102399
1026436085
718010079
639997661
3728822547
4080862820
2188654909
3078412602
3730666456
1791349267
2897119371
3697710715
494526341
1645828750
3350188956
