179194443587922075
411901975144621655
652955014430410983
512881844517856685
353409010033681035
367406933471615783
589813209509635545
74614610904204783
427594281018846135
550340326523514063
411901975144621655
367406933471615783
589813209509635545
794299782017699439
141194317081523055
531363670153289583
381816400157149173
5024031737859159
289318474181537135
411901975144621655
20736586364385039
697776869246684015
289318474181537135
353409010033681035
22434613433216535
353409010033681035
289318474181537135
744866720022686583
20736586364385039
652955014430410983
289318474181537135
494886175924631175
28156851673473723
512881844517856685
28156851673473723
396645393895135599
26140709973804783
289318474181537135
631371416100738683
20736586364385039
289318474181537135
589813209509635545
26140709973804783
631371416100738683
589813209509635545
22434613433216535
26140709973804783
675087095388416229
26140709973804783
289318474181537135
631371416100738683
411901975144621655
22434613433216535
30287231568320999
846152496958078535
